10.441   3.559  79.790
10.695   3.805  78.370
 9.653   4.703  77.765
 9.912   5.879  77.516
10.747   2.504  77.567
12.160   2.070  77.301
12.782   1.458  78.521
13.061  -0.025  78.291
13.927  -0.552  79.316
14.552   0.369  80.245
15.375  -0.328  81.246
15.550   0.158  82.473
14.992   1.466  82.992
16.396  -0.683  83.326
16.672  -0.331  84.567
17.498  -1.224  85.346
17.853  -0.991  86.624
17.459   0.219  87.449
18.707  -2.036  87.202
19.166  -1.992  88.459
20.024  -3.034  89.099
20.399  -2.831  90.397
19.967  -1.642  91.231
21.249  -3.814  91.159
22.106  -4.606  90.208
21.184  -5.279  89.213
20.460  -4.281  88.313
21.433  -3.867  87.196
19.248  -5.040  87.719
